1445689576
1160649769
23887103
23887084
3450443824
1661973204
1158467915
2579601140
3080082921
3481857696
2047431948
1894061856
1664727923
1664727881
3327711880
3081113979
1664727874
1664727925
1158467958
1671311029
1664727933
3465715840
1664727894
2579597990
1893741021
1664727880
3692777700
1664727893
1664727897
1664727891
1664727907
1814753915
3525131440
2579603868
1664727895
2392921933
1664727928
1886417755
1974865936
1888985506
1664727932
1664727931
2079335940
116011988
1819739962
1864759921
2499089992
1886351993
2011303991
1333127995
1685845882
3340105987
116159999
1864759996
1664727875
2184655938
1097173629
3450591977
723153327
1688345916
1886895845
1800333999
3707855582
1664727900
3481805893
1861665990
2392921932
1087497979
1275359974
2169771994
507217992
3401845915
3563853993
2042967987
400751995
1800333993
1425961978
3450563987
3297995998
1874789995
1925553995
3312339999
2216489978
1845253991
2150457892
1864753997
722441983
1919923997
3649081962
723369998
1951457998
87231998
1664727929
2068909945
849265964
3567677997
1808871988
3659529996
2386063999
2988409999
1664727922
1864759993
3083277996
485141998
1971035999
1664727924
2534681987
723369996
2368007998
3684029998
735605999
1502885999
1113875999
1276049999
2150243985
233847988
100403988
1876013989
2298409994
3538863995
1807541998
3518571998
94463998
2077823999
178081999
2776389999
1894141999
2411725999
*************end*************1661973204
3525130746
23887103
2120364182
722669455
3625864432
1498275613
23887084
2150690384
1240509872
1800300812
2011326521
1445689576
2579610174
973666174
85032350
1160649769
3353902620
3692777708
3416466131
2447169169
1907016790
1951049246
2339810102
3707855583
2579598037
1819739084
1671310458
3525116761
218191786
3081606366
3506257166
3081280246
1159185415
1825886283
2634953706
2047642665
3327712556
485431768
1819738614
3263526990
1671310434
1205201399
1819739440
738003264
1671311014
3084957878
3082966713
2139877309
1884514304
1224848151
1843595651
2201570462
859351108
2402785907
2132298223
1664727873
1662358872
1604120633
2150531683
2079275130
1642106975
1670224359
364708433
1799971712
2452217520
1247352747
1894061856
1664727894
1664728045
3489571506
2148228797
1812640058
252748748
1246725282
2011349067
1907213700
3625875928
1912893895
3081706664
503496630
2193658020
1146004985
2979036330
3081235328
2381788208
1664727874
1670445972
1165352082
1887429900
23887018
1951088972
100341495
2012880335
3327711880
2130138428
1783899866
1671310459
1200918425
2635542108
345951467
1614021475
3524720704
851633925
1808819425
1117525685
1753732452
3083340860
3385731406
2807886021
2047255257
1755828056
3336044891
1784309466
2067096918
1819739490
1074348223
2450392156
1080559478
1813320828
3329482574
2218467350
1664728041
604268429
2391313269
1670224159
203686549
3435437980
*************end*************1445689576
1160649769
23887103
3450443824
23887084
1661973204
3481857696
3080082921
3327711880
2047431948
1894061856
1664727923
1671311029
1664727881
3081113979
1893741021
1158467915
1664727933
3465715840
1158467958
2392921933
2579597990
1664727897
3707855582
1664727891
1814753915
3692777700
2184655938
1664727907
1664727895
1664727928
1888985506
2392921932
1097173629
1671310459
1664727932
1664727931
2579603868
723153327
1664727875
3525131440
1974865936
1664727924
116011988
2079335940
1664727922
1819739962
1886351993
1333127995
2499089992
1664727920
3340105987
1664727929
116159999
3450591977
1864759996
1664727903
3481805893
1861665990
1826039737
1275359974
1664727934
1664727913
1886895845
1912715376
1783899858
1664727889
1664727918
2169771994
1864759985
1664727915
2042967987
2165525972
507217992
400751995
1425961978
1800333993
1874789995
737987949
3450563987
1783899899
1878661956
849265964
1925553995
1845253991
1864759993
3659529996
1864753997
1919923997
1557707968
722441983
3083277996
723369998
3649081962
2042967985
1807541998
1971035999
1808871988
1800333997
3684029998
3518571998
2682717998
2386063999
2988409999
1819739956
1870233998
1800333999
735605999
2534681987
1876013989
3538863995
723369996
2705655998
87231998
1502885999
1113875999
1276049999
1670601999
1894141999
2411725999
3563853999
2007569999
974123924
2068909945
100403988
20175995
252745997
2047239998
*************end*************3525130746
3086379216
3625864432
2047431948
1819746275
1158469111
2462128074
1711709330
1819741906
1160649769
2120364182
1970948564
3401845915
738002984
1158469108
3354862501
1097173629
2012259049
3639687366
1711694930
3640441860
1713175583
2158955453
3525293612
3497862848
345951542
3329430395
723153057
1864736187
1671310434
1664727905
1664727880
23887103
1670224573
2181845396
2651476590
2579597360
3350946469
345939957
1967434052
1912673009
2079335940
3080818539
731270079
3625048162
1982551426
607131273
734916226
1671310517
2046960507
3080750069
611431182
2057048641
1886424798
3589486943
2132404476
1711709318
3481408963
1105139221
1664728043
1932138887
1347950970
485142911
2389719577
1569989721
26193305
3311070960
2634918324
1664727872
1671311014
2165355271
1664727896
3707862226
1838352495
1907016790
23887246
228079232
477581382
3341925064
607178285
792667271
1701980757
3538837930
3384586344
3084680963
666358207
1996590405
1913787316
1807591786
2158974255
3593999864
2579597575
3379656453
964576610
2012500576
1968770873
1445689576
3327712556
2183634941
1695562467
1110872689
1671311015
1671311029
730554389
2498285421
2139877309
1118567203
3080082921
1226176440
1203542390
1258082387
3482902899
1691554065
1748551529
1970763044
1664727898
3080538257
1988994279
3637524135
613105824
3537681043
2047063341
364708433
1247410298
1664727875
3325485307
2151213603
1712768165
*************end*************1445689576
1160649769
23887103
3450443824
23887084
1661973204
3481857696
3080082921
3327711880
2047431948
1894061856
1664727923
1671311029
1664727881
3081113979
1893741021
1158467915
1664727933
3465715840
1158467958
2392921933
2579597990
1664727897
3707855582
1664727891
1814753915
3692777700
2184655938
1664727907
1664727895
1664727928
1888985506
2392921932
1097173629
1671310459
1664727932
1664727931
2579603868
723153327
1664727875
3525131440
1974865936
1664727924
116011988
2079335940
1664727922
1819739962
1886351993
1333127995
2499089992
1664727920
3340105987
1664727929
116159999
3450591977
1864759996
1664727903
3481805893
1861665990
1826039737
1275359974
1664727934
1664727913
1886895845
1912715376
1783899858
1664727889
1664727918
2169771994
1864759985
1664727915
2042967987
2165525972
507217992
400751995
1425961978
1800333993
1874789995
737987949
3450563987
1783899899
1878661956
849265964
1925553995
1845253991
1864759993
3659529996
1864753997
1919923997
1557707968
722441983
3083277996
723369998
3649081962
2042967985
1807541998
1971035999
1808871988
1800333997
3684029998
3518571998
2682717998
2386063999
2988409999
1819739956
1870233998
1800333999
735605999
2534681987
1876013989
3538863995
723369996
2705655998
87231998
1502885999
1113875999
1276049999
1670601999
1894141999
2411725999
3563853999
2007569999
974123924
2068909945
100403988
20175995
252745997
2047239998
*************end*************3525130746
3086379216
3625864432
2047431948
1819746275
1158469111
2462128074
1711709330
1819741906
1160649769
2120364182
1970948564
3401845915
738002984
1158469108
3354862501
1097173629
2012259049
3639687366
1711694930
3640441860
1713175583
2158955453
3525293612
3497862848
345951542
3329430395
723153057
1864736187
1671310434
1664727905
1664727880
23887103
1670224573
2181845396
2651476590
2579597360
3350946469
345939957
1967434052
1912673009
2079335940
3080818539
731270079
3625048162
1982551426
607131273
734916226
1671310517
2046960507
3080750069
611431182
2057048641
1886424798
3589486943
2132404476
1711709318
3481408963
1105139221
1664728043
1932138887
1347950970
485142911
2389719577
1569989721
26193305
3311070960
2634918324
1664727872
1671311014
2165355271
1664727896
3707862226
1838352495
1907016790
23887246
228079232
477581382
3341925064
607178285
792667271
1701980757
3538837930
3384586344
3084680963
666358207
1996590405
1913787316
1807591786
2158974255
3593999864
2579597575
3379656453
964576610
2012500576
1968770873
1445689576
3327712556
2183634941
1695562467
1110872689
1671311015
1671311029
730554389
2498285421
2139877309
1118567203
3080082921
1226176440
1203542390
1258082387
3482902899
1691554065
1748551529
1970763044
1664727898
3080538257
1988994279
3637524135
613105824
3537681043
2047063341
364708433
1247410298
1664727875
3325485307
2151213603
1712768165
*************end*************1445689576
3525130746
1160649769
23887084
23887103
1661973204
3450443824
2579622234
3707855581
3327711880
3080082921
1671310459
1671311029
1893741021
3481857696
3327712556
1894061856
3353902620
723153327
2047431948
3625864432
1664727923
3707855582
3525131440
1888985506
1912715376
1664727881
3086379216
1158469111
3416013129
3465715840
1097173629
3692777700
2579601140
1158467915
3081113979
1664727933
3572722631
1664727897
1664727891
722669529
1158467958
2149992116
2392921933
3482902899
1158469488
1101870177
1888985500
1664727895
1814753915
1664727907
3327712508
1826039737
2579603868
2846878303
2655521383
1664727875
1692605611
2579597990
2184655938
1664727928
2392921932
2428261399
1888985526
219999713
2079132775
3692777671
1664727932
1886895845
1664727931
100341495
1783899858
1664727924
3506257166
3481805893
3625873151
1974865936
1664727889
1016015812
1664727903
1664727922
1664727920
1275373847
2148113845
1240509872
1664727913
2079335940
1783899899
1331302062
3081915774
1664727929
1664727915
2150457892
1664727918
1819739962
172715896
1664727934
1709655859
116011988
2272185757
1783899860
1713175583
974123924
1886351993
1101870163
1333127995
2499089992
3340105987
1783899859
3083495744
3450591977
3483239778
3306585902
2150461918
1664727908
1664727892
59219569
1664727916
737987949
3692777697
1275359974
1664727887
1864759996
116159999
1861665990
2313405739
1664727917
1664727930
1878661956
2068909945
1664727914
1664727927
2165525972
3264191804
1664727894
1688345916
3371481902
849265964
3625875819
3293539952
1819739956
1864759985
2042967987
1114862589
3649081962
1257383821
1664727902
1425961978
3084957878
2169771994
1557707968
1664727910
1814753916
3481813949
507217992
1664727878
1664727909
400751995
1800333993
1934711826
3704693966
3450563987
1874789995
1664727905
1906381720
722441983
3307415933
2042967985
1845253991
1925553995
611277968
1864759993
1783899909
3659529996
3481289697
1713175946
1819739957
1199709978
1808871988
1864753997
506999973
2170467983
2534681987
3083277996
1919923997
723369998
1783899791
531495965
1200351974
1864759987
100403988
1876013989
1807541998
1752519977
957973988
1971035999
666230657
666313981
1968537988
723369996
1800333997
3684029998
3518571998
2682717998
2386063999
2988409999
1664727873
2024951951
3082979978
1091657987
2079103990
3538863995
2705655998
1870233998
1800333999
735605999
3085197240
1864759989
1956915992
317211993
1642283994
20175995
1662389996
252745997
2047239998
2042967998
111067998
3387195998
87231998
1502885999
1113875999
1276049999
3563853999
2007569999
1703330404
3639687412
2011303982
1878743982
1950887986
2011303990
3374623993
1784361994
1965501994
1139389995
956325995
612311996
1956939996
1970805997
3562249997
1752519998
2481091998
1800333998
2051375998
110941999
178081999
1670601999
*************end*************3525130746
2579622234
1160649769
23887103
23887084
1158467915
1445689576
3353902620
3625864432
3086379216
2579601140
2120364182
3327711880
1158469111
2462128074
1671310517
2428261399
1661973204
1664727894
1819741906
2047431948
1711709330
3639687366
3354862501
1819746275
1097173629
2313405807
2996965754
3692777711
2012259049
1967522155
1711694930
1158469108
2183656554
3637503750
1982551426
2158955453
1970948564
2024061004
3401845915
738002984
23198747
3625048162
1713175583
3625875819
172780606
3525293612
3640441860
3481408963
3707855582
2150762777
2181845396
1703330404
3080348428
3497862848
1864736187
611431182
1664727880
731270079
607131273
1670224573
723153057
2139877309
1907016790
232887479
1819740019
2651476590
3329430395
3327712556
1671310434
345951542
3483964960
2186112030
1161350180
2183606318
2012500576
1968770873
734916226
2579597360
1664727905
1912673009
2181922370
2150007921
654881045
1664728041
3403706372
2046960507
3080750069
3350946469
3589486943
345939957
3669688918
1967434052
1160430974
3418058694
1970952941
723153153
1819738599
1888985473
3482853728
607194959
1460923984
1956922053
2184016255
1695562467
1110872689
2498285421
1118567203
3080082921
2057048641
1886424798
2132404476
1711709318
1105139221
1664728043
485142911
1671311014
2165355271
3538837930
2079335940
3080818539
2579597575
1664727908
2047621881
1832766268
3082742221
3445965069
2311376892
218191786
2042965907
1093693622
3481799585
2123473769
3080951179
3084957878
345951687
1894072527
1967447362
2183634941
2392921933
1671311015
2405498146
2256692280
2079143363
1158455365
1671311029
3327712508
1913222888
1956958553
730554389
1661281802
3085640476
194791841
204334953
2629449736
3305484269
2211556210
1887431925
1800324117
172524104
1664727902
3720914632
1664727927
670119344
2421920756
3086482400
1545680904
1226176440
1203542390
1258082387
3482902899
1691554065
1748551529
1970763044
1664727898
3080538257
1988994279
3637524135
613105824
3537681043
2047063341
364708433
1247410298
1664727875
3325485307
2151213603
1712768165
824047103
2311376833
257923343
3481850981
203686549
3537346347
2814714394
23864565
3086227096
116219130
3312464328
3435633041
1928346181
507029802
3481859623
1888985526
2361915347
609349636
3674902371
2299246867
1426140807
1664727934
1098752678
1282846373
2783698561
1331302062
852700024
1970627492
1436846573
2150491492
3567677997
1932138887
1347950970
2389719577
1569989721
26193305
3311070960
2634918324
1664727872
1664727896
3707862226
1838352495
23887246
228079232
477581382
3341925064
607178285
792667271
1701980757
3384586344
3084680963
666358207
1996590405
1913787316
1807591786
2158974255
3593999864
3379656453
964576610
169549357
2579603897
2182786053
1819739505
2452657538
2150008544
656862402
1886479960
1922087045
3311070969
*************end*************3525130746
1160649769
1445689576
3327711880
23887084
3086379216
2579622234
23887103
1671310517
3707855581
3327712556
3625864432
1661973204
1671310434
1671310459
23864526
1158469109
1158467915
1158469108
1671310458
737162540
2150690384
2183864609
1158469111
1970421234
3707855583
3481857696
2150491492
1101870163
232887479
2579601140
3692777711
84286416
2116976147
3353902620
3692777703
3692777700
3353902627
1101870177
3700477341
1888985513
218191786
1671311015
1331302062
1703330404
2012880335
2148659233
2308965047
1671311028
1256764101
1671311029
2392921933
725582550
85032350
1234549499
1158469101
1893741021
1671311014
3450443824
3707855582
2447169169
2846878303
498696147
1748551529
1688345916
1695562467
3625873151
2392921932
722590240
1800300812
3506257166
2579601142
1814753915
1968472280
2428261399
88064304
3401845915
2313367252
2120364182
3723616448
1800300810
23887019
1711694930
3525131440
1101870687
3093673740
2465287715
3080082921
2158955453
3692777670
100341495
3374774403
2181770396
3481859623
1022549200
2047390018
109587606
1809162232
23106133
1080559478
1888985507
1224796652
2256692280
1165352082
2383022289
203686549
3483250622
1826039737
3482902899
2182684352
2454255209
1228690636
2183606318
1711694931
2579596802
1209378016
2183944363
1097173629
1887421633
2139931168
2635542108
1888985506
1498275613
3354862514
2047642665
2612804843
3625864440
1285633382
3324042830
172780606
2313192077
2454575050
974123932
723153327
2579599124
1913084680
2012024732
3510578842
2184655938
1137683705
2579597575
2046961735
3085454513
1967522155
1664727894
1240509872
2498261660
1894061856
3711059001
3692791075
973666077
2462128074
1886444711
1711709376
656862402
3435159586
2182786053
1813636744
2148401052
1224818593
2011613280
3483964960
1819741906
3481408963
1912785069
2024061004
2268791802
1711709330
837014775
1813738265
2313405807
2079083675
2047431948
3639687366
3465960906
1711687671
974123924
3354862501
1713175057
2183656554
2150762777
3403706372
2181570558
734922763
2996965754
973666174
1123967569
3435488025
1160430974
3637503750
1970762845
2184689781
2579610342
3083341262
1888985526
1159124913
23198747
1819746275
2079266308
3081290851
1837361437
2498306242
1886902439
1970621264
2012259049
3564738434
2046851138
23092017
2042968058
2459867501
1922087045
602981105
1968770873
722669455
3625875819
1692605611
2272185757
2807886021
1886424798
3465821522
1982551426
3080348428
3538676675
2181845396
2184585442
3327712508
1711709318
1967539138
2078975622
3625048162
23864624
3084423057
3082190206
112092186
20833656
973718532
2047470544
2182916554
1894072527
3403695478
1473468194
3692777664
3482662540
1671310515
3307406881
1970948564
2579601206
1498889836
1664728060
1888091777
737987949
1970952941
2139877309
611431182
1711708380
3306585902
3074879822
1864748969
2011580114
1713175583
1912673009
738002984
2940443353
3084232199
2149393684
3263030518
668514891
3525293612
1907016790
203698045
2007603093
3481852275
3354862453
2159517213
2388834602
1242117606
169549357
3640441860
731270079
3084420124
2149994165
1814132553
973977200
530995202
1864759985
3083084317
1664727893
3082230023
3326337892
2046824582
3481289228
1845010996
2181922370
1819740019
2186112030
2150007921
475972309
607131273
3497862848
3481855517
2047739120
2313405739
1161350180
1664727924
1577102028
2047621881
1664727878
1664728041
1888985473
1664727901
2651476590
1864736187
734916226
1664727880
231889081
3571904387
1864759839
23887095
3563697876
1886441507
3085195551
1101975165
738191637
3482697549
2579603897
2343727560
1618687244
1664727891
3418058694
1670224573
723153057
1664727875
1838352495
3525119270
3401327012
3697580567
3085128428
1888985512
1812291247
1886479960
1980431514
3329430395
3465715840
1819739417
1670099600
2579605413
2047419597
1819738600
3329430386
1819746230
3605986076
1819744038
1888987944
1884514535
1664727888
1886262216
723153153
1170456691
1664727920
1970443344
3482853728
2012500576
3669688918
1436846573
1971147090
1754889243
1864745218
3080530677
2140124869
2498360048
849265246
1887421582
1887421594
1819739508
2294894687
1886441807
1912715376
3531636974
1912650368
2150459285
3470470190
2144547115
1819739505
654881045
1885414874
1664728044
1968919148
1968325538
607194959
3085197240
2011233362
1664727905
1664727927
2151213603
345951542
1695517916
2011326521
3630797175
3081280246
3080069879
1819739050
827459629
3385571034
1203251038
2276618630
23887301
1711678211
292109736
2186112029
1687586376
1864759935
3278579591
3327712493
2047747544
1888091663
731641266
1884430824
1751061310
3306483653
1664727908
1819738599
2122108301
474323733
2079173572
1832766268
3082742221
1460923984
1664727877
2184016255
2579597360
345939957
3483267086
2050730804
3692778514
1819739435
1664727923
2078990345
1886407936
607141275
2579611184
1111551085
23887026
1886360786
2579602061
3386467186
2655521383
1888985357
23887028
2182527706
825345203
1819746167
2313675918
2452657587
1692121043
1888985500
3147103232
2150008544
1664727926
1664727916
3445965069
1509087745
2022499047
1956922053
3082568314
1093693622
3726426490
3080951179
1110872689
1907933610
3482898735
2046960507
172524104
3080750069
3350946469
2057048641
3589486943
2132404476
1967434052
1664727896
722669463
1919008441
1888091678
3565755071
2050690858
2308978384
1742628804
2634235088
3643756811
2201529687
345951635
1819738592
1875745103
2183644710
363068575
1819739084
2634953706
1885588810
1498220872
1693862736
2641473639
1819739434
1819741909
1819746219
3085826228
1664727899
1819739108
1487823086
2116647019
1664728040
3485393093
1888985475
3489037878
345951709
1812291222
3306483585
3378513058
1670224477
1800300802
1664727897
1170308318
2579597400
1157638128
2579618977
1087874767
1906383847
2311336192
3348038954
1864759858
1458974097
3328062067
1142549442
2452657538
2060466247
1819746250
1664727913
1664727914
1756710986
3311070969
2181232071
855611210
1664727883
3481632453
3287820429
3430104505
2183944991
607167716
2311376892
3435145304
1664727918
604346530
1924085653
2042965907
2184075201
3481799585
2123473769
3084957878
345951687
1614025437
1333127995
3416447247
1967447362
2183634941
3582716126
1664727931
1158455365
730554389
2498285421
1118567203
1664727902
3720914632
1691554065
1664727898
2311376833
3481850981
1928346181
1105139221
1664727934
1664728043
485142911
2165355271
477581382
3538837930
2079335940
3080818539
1883363559
2181842687
3082783315
2151397759
204410080
3525124710
3481289590
2149993785
2579603901
1864759619
930951422
3083233684
1913575862
3362589850
1133444759
3544430919
3525116891
3630797136
2360515698
1925554002
2186112019
2152068782
3084678565
1843516102
1081622057
3081915774
1888091670
109582297
3481826222
2183975664
3084536144
1812658049
2421804273
1826050102
3503159008
1819741913
1664727907
3325394094
2024131025
2130133816
257157355
226811736
1191156751
2148228797
362955911
1139092165
2313405806
1533613562
1956866909
1925554016
2445869843
1247471105
1783899859
611277259
1222394663
1813486599
607170228
2125112303
1956938884
2170242634
611276323
1838543618
3082005340
172890262
3711058952
2042164074
174199188
2003936529
2079294251
1664727895
485439124
275995652
1670224575
3085104806
1260284678
3080741975
1664727876
23091913
2747471687
485150822
2011304147
1664727919
1813824296
3581007938
3483869873
3394790659
364797671
3481847746
1664727890
1698573070
724250592
1968920910
110200205
3481844264
1867027381
1928434820
3388021506
345951513
3678194412
2012771285
3298717505
1670224308
2183657729
2201550713
2152068634
2008869833
607164059
1864759772
2202954270
1980431705
1190881592
1951149171
1807952081
259820234
1139243343
607178354
2187170773
2218467350
2593590079
3623954612
1970698803
3579721218
957020601
1425961978
1233561355
1670224614
2391313269
2365468415
3481958498
1888986845
3327712557
733426340
2635541528
1919848402
1956923258
3405586520
2068963622
257157369
1021321402
1805705709
730554381
3578876661
830629281
400744856
1894070555
110945643
2311376715
667302368
3537758327
1838352474
2595041490
256163725
2365415199
3384601102
20211319
485113946
606167116
2386894242
1956940477
2396929918
3481805893
3379153424
3650007127
2802087741
1664727911
2320296391
1091657987
1641518532
1377229359
1664727909
1315541496
485145417
1670223525130746
1160649769
1445689576
23887084
3327711880
3086379216
23887103
1671310517
2579622234
3707855581
3327712556
3625864432
1661973204
1671310459
23864526
1671310434
1158469111
3481857696
1158469109
2150690384
1671310458
232887479
2183864609
3707855583
2150491492
737162540
3080082921
3450443824
1158469108
2392921933
84286416
1158467915
1101870163
1671311015
1970421234
3692777703
1101870177
1671311029
1893741021
1888985513
3700477341
3692777711
2579601140
2116976147
3327712508
218191786
85032350
1256764101
1671311028
2148659233
3353902620
2149992116
1234549499
3692777700
2012880335
1703330404
2846878303
1331302062
2392921932
2579601142
2447169169
725582550
3572722631
1814753915
723153327
3353902627
1748551529
88064304
1101870178
2313367252
3416013129
2579599124
2308965047
498696147
1671311014
3482902899
3506257166
3525131440
3374774403
1912715376
2079132775
1813636744
3481389306
1688345916
1888985506
1114862589
1101870687
1894061856
3707855582
2579597575
3082568314
109587606
666230657
1888985358
2256692280
2428261399
1800300810
2181770396
3093673740
1664727888
23887019
1097173629
3692777670
2047431948
3401845915
1664727891
1158469101
3625873151
1022549200
1664727923
2182684352
2183606318
2218467346
2158955453
2183944363
2655521383
722669529
1158469488
3481859623
3723616448
1664727926
1888985500
1664727881
1800300812
2047390018
1080559478
1711694930
3465715840
2612804843
1968472280
1123967569
1664727898
3081113979
1887421633
3403706372
2462128074
3497862848
1888985526
2313192077
100341495
1692605611
956879089
1695562467
1888985507
3085197240
2579601207
1970762845
1826039737
722590240
3465708516
1838352614
1664727897
1664727933
3085454513
2079083675
1967539138
3465960906
2181842687
1968920910
3692777671
2120364182
203686549
3084364473
3084393280
2383022289
3435159586
2807886021
219999713
2465287715
2047642665
1664727895
3084423057
3639687412
23106133
1108040565
2150771185
1285633382
2182786053
1664727907
2579603868
1158467958
3483964960
1303995249
2181372650
1664727875
1713175583
205297397
2634918324
3619342764
1783899795
59219569
2007603723
2184129052
1838352474
730554381
1664727918
602981115
1664728063
1886895845
1664728057
2498261660
172648143
2184655938
3599371516
668496513
3481632453
1888985437
1664727928
2221453585
1783899858
2046851138
1713175057
1016015812
2120456857
3081915774
1711678270
1886434898
1664727924
3692777697
1664727878
1894072527
1664727932
3080348428
1968325538
2579597990
2272185757
1664727935
2144547115
1275373847
1888985473
3481805893
1664727931
2148113845
3327712493
1664727889
3083495744
2042968058
1913131062
1819739508
1886360786
2454255209
3085195551
1664727903
1224770729
1240509872
2313405739
1209378016
1838352451
3481289697
656862402
2309093391
203698045
3483239778
1664727922
3435145304
1970621264
738191636
1906381720
1664727920
1974865936
1783899899
1968770873
2078975622
257157339
2499171557
3435547618
2150457892
1664727913
1709655859
3324042830
3083341262
1664727899
1819739506
2079173572
3625864440
1664727919
1875735691
1783899860
1711694931
2139877309
3083364277
1664727915
172780606
218271650
172715896
654851080
3435488025
1664727929
3264191804
1783899859
1664727880
1888985439
3692777710
1664727874
1970844798
2079335940
1819739079
1569989721
3711059001
3625875819
2184205310
3481845396
1257383821
2499109136
1670099600
2464186718
1692121043
2638087569
1783899791
722669454
3543670857
3348769534
1888986845
1755828056
3483250622
2218467347
1886417755
1664727934
1934711826
3690539728
1664727892
3306585902
2150494387
2447169042
1664727887
1664727894
1664727911
1111551085
3081988801
974123924
1907016790
1133444546
1664727908
3080353549
1864759690
1158469110
2184689781
1783899794
733426340
837014775
2150461918
1314969520
3084957878
1664727916
1888985345
1971147090
1819739962
233715070
2012771285
1224823311
3371481902
257157335
2908509193
2268791802
1664727914
604442450
3522436858
1664727902
1664727917
1886444711
1864759712
1845057297
3692777669
2651476590
3481855517
3311070960
3311070961
1711709318
3700898266
2452217520
2181922370
1819739494
2601597634
1664727909
1664727910
1664727927
1664727873
1664727930
2579605413
1780387829
2116647019
1814753916
1889289120
1664727905
1998235796
1664727877
1711709376
826787819
3327712557
116011988
3074879822
2183645835
1664727872
2022745594
1783899909
737987949
2260501871
2313405753
1783899866
2011613280
1907933610
1197745135
3692777698
1979772333
233495747
2068909945
2007606783
1819739466
1577102028
1711687671
3450591977
1886351993
1711678211
1809162232
1864759715
3322301854
1664727925
3561889577
2634953706
2148401052
1878661956
3340105987
2499089992
722442186
1333127995
2165355360
738191637
1864759716
2498306242
2181570558
2295743531
735917861
3307415933
3674759375
494625830
3293539952
1275359974
2766971706
1783899870
3326337892
1886902439
1819739956
3485393093
2079143363
3560105641
1619727875
3481813949
1664727901
3083084317
3525119270
1664727879
1819741889
3748411638
1664727921
849265964
1165352082
1819741909
3649081962
2165525972
3637503750
3572393812
1884514334
930951422
485439748
1875719867
1160420963
24273021
3524721131
1094560076
231871642
1664727893
1864759996
1819741906
1861665990
116159999
3435462985
1888091784
1864759867
1664727896
1756710986
3376095931
3288175938
1557707968
3450178306
3572913513
3465821522
1886441807
1713175946
112092186
3629893674
3082159707
2152067779
1884893857
1670008580
2218467350
1360307614
2313349652
2150007921
1425961978
1664728052
1869986142
2150092282
1886314638
2194083464
3609135884
3704693966
1864759985
3311323355
3626405691
2579603864
2042967987
2579566067
3084536144
2150762777
1142549442
3639307690
3692777709
2151397759
3481893171
1819739957
2840005330
1258245524
2024947947
1113912760
23887095
1148941165
738191646
1713175648
2118889309
1168599629
1664727882
2024951951
1819739490
1971279547
1887429900
1887431930
1969023479
1664727900
611277968
2169771994
1819739440
3403695478
1757229869
1664727906
1886395940
2047470544
3085731241
345951637
2123641825
1864759872
1664727912
2150443951
531495965
507217992
1015311737
3541347774
1749933810
1498889836
1819741894
1224818593
1819739435
1812603776
1888091777
2181503924
1819741941
1888091678
2313437922
722441983
3450563987
257157349
2459853577
2183975664
1240509897
1888987944
400751995
2047419597
2313405807
974123932
506999973
1800333993
1664727890
1826077942
3084232199
3348925523
2151213603
1888091789
3080265800
3083269815
1864759929
722441962
1199709978
23864575
2148228797
257157328
1907179818
1424657852
1819741943
3481849965
1200351974
2042967985
1784309466
2046961735
1783899786
262393833
1695517916
1713175932
1845269956
1951339965
1874789995
3510578842
1228690636
2007605794
2009201902
97081966
3625049968
1752519977
3329622230
2007590570
217945844
3701669897
3085641949
2538275954
2595321954
1864759958
657825968
2170467983
2011233362
345951569
3525221592
2183961897
3082191929
2148915929
1845253991
738003004
2149993785
1713169824
2047539864
2579597936
3082979978
2534681987
1808871988
1864759993
345951680
2130133931
1754955966
1925553995
3080530677
1886441812
23091926
666313981
1864759987
100403988
1224796652
1110970794
2579599140
2182829555
2499265695
2182527706
3541347771
1997417824
981197859
290271890
2079027969
1883683971
957973988
1876013989
2184102083
3081290851
3481859736
180835900
1913625923
1864759935
3625875963
2011303982
3659529996
2139931168
1888091780
1819741921
2499217926
1864759943
1925553965
1878743982
1968537988
2579596802
1888091666
824105739
2183933759
2150531760
3593999864
1819741908
1864759948
1886479960
3263541963
1819739963
849265977
1843475978
1091657987
1864753997
1919923997
3483241060
1889289124
2747471687
1951195695
1137683705
1843739750
3563697876
2181275913
1951165967
23871970
3354337974
116105978
2139463984
3083277996
723369998
1886189761
2452217784
1951089920
2313437920
3538865925
1886407936
1907217942
973683944
666317958
847621972
3081197972
3711025977
3572963981
1864759982
3325471983
1460923984
1950887986
1864759989
2079103990
1807541998
3639307547
1222107873
3489037878
1819741905
1971085917
973963928
793983931
1713175934
3525127936
1974865938
19749951
1800333957
2595025971
1137277974
2046503979
1864759984
2479483984
384297986
1460923987
1886441507
1129629571
1913037665
2499107720
1753277768
1864759839
2042965907
3435257921
3080933941
1165767944
1843609950
3442595954
1864759963
2120993966
2150537976
3083659976
1819739982
607171982
2011303990
1956915992
1800333997
1971035999
1819739119
2579597400
1886357430
2765859594
1812641699
2188383708
2150443766
1888091801
2605409873
2313437903
1843509943
1980431957
3434979964
3625049969
613047972
1991437973
3310941977
2276163979
1912609984
1117193987
2069961988
1800333989
667117990
3374623993
317211993
1642283994
3538863995
723369996
3684029998
3518571998
2682717998
2386063999
2988409999
3525293612
1950923677
1970631730
2773495760
1864747791
3483871867
2047621881
2593651927
1276039929
1967159931
109829943
3566779953
3466409958
1950887959
1721317963
3625875965
1956937970
1864759972
3609809973
2011303973
23091974
666331982
2042283983
172751989
2498775990
611277990
613395991
168481991
1670601992
1784361994
20175995
2705655998
1870233998
1800333999
735605999
3525132213
1105139221
1138701675
191677729
475045738
2996965754
1864759878
1669453899
1819741924
3625875943
2750717944
1980431945
867235953
1224847953
1238389956
485369962
3082239965
2046871968
2080213968
2076797972
1970877976
1993023977
1669629981
1460923981
1275347982
1202841983
2057187985
2651479987
2395999987
1558199988
20065989
1956937990
849265992
2205425993
3702621993
1956921994
1965501994
1139389995
956325995
1662389996
252745997
2047239998
2042967998
111067998
3387195998
87231998
1502885999
1113875999
1276049999
792667264
3375693306
1039221416
345951650
1661135732
1509087745
1190881765
3605429820
2498313860
2120755906
1819741913
604277914
3481837931
1864759934
607137937
1946053938
1713017939
1751735942
1888987947
2401671950
2388831954
1951317955
3625875961
1819739961
974123962
666229964
3479585965
1800329966
1925553968
828149969
833769969
2068935971
2453289971
735641972
1956959975
609557976
2354421976
3465727977
1932133977
1800333979
1819739980
735641981
1932133981
2193655981
2139181983
609307983
1140043984
1839057985
1956939986
3325471986
1614085987
1756429987
723369988
3563853989
2400567990
1980431991
1913067991
2489291991
1956959992
2453485992
2454133993
2428021993
110205993
231371993
1136645994
957011994
3563853994
1823009994
958001994
1894061995
612311996
1956939996
1970805997
3567677997
3298537997
116199997
3562249997
1752519998
2481091998
1800333998
2051375998
110941999
178081999
1670601999
1894141999
2411725999
3563853999
2007569999
2150239601
1864759698
345951737
1864759798
974123804
2839943813
3084471823
1133895853
735641891
1757781915
1864759938
2323783938
613031940
1661385942
1893777952
485379956
3408055958
23309960
1275569963
1997357969
2177721970
1875723971
734859971
1617119972
1906439975
2439995977
609323979
2814765981
3465697982
1460923982
2330717983
3495091983
2182099984
1460923986
1137531987
3092623988
1970537989
2169945989
485023989
1263133989
2047737989
1924027990
3637519990
1209557991
*************end*************4541
1460915342
1783899858
1967437385
485042917
2682770557
3146105614
2634918416
2579598031
2479481460
2011853388
666326890
1838352451
3376100000
1970705041
1113881047
2276618628
2076810826
1815454998
1286653711
1670224217
1860914261
2593630246
3465776385
3403040585
1220992823
3538866170
1141316594
612970932
2047480603
3325473283
3408055958
3609135884
840550402
1664727935
666355865
2047049386
1913163782
3466982100
1955005329
731208366
3566780322
2150463175
1912893895
345951568
2773495760
3403708012
1664728049
666317662
1687455470
2187175158
2839943479
1263404197
2459918372
474052059
847621972
2311376714
2319078712
2579597325
3619342764
2747489904
2320874422
1160420963
1800326968
2042033459
2150531374
2334318911
1885588969
1671073489
3128020995
2011965343
1951229096
1826039405
974098006
233718791
1664727910
3450003594
1098161912
3327374339
1694330722
2047262332
2120829281
1754984873
3489038090
91993347
3415144268
1957962547
2182158399
1755828056
1664728056
1873703617
840550278
2057028679
1314024724
2148113845
1235078888
1181477801
1800334032
1686722786
485373400
3537672123
1720046499
2593651923
1713206575
2939566794
2132525308
3084368543
735641891
257157360
88940110
3085650686
1223765789
1670224637
3563853993
2352895656
1819739498
85483155
1186558419
1843632187
2489289011
3527684658
1878884605
1664727925
1664727874
3530571054
1819746300
345951241
2533278579
2218467346
2405498146
2079143363
1913222888
1956958553
1661281802
3085640476
194791841
204334953
2629449736
3305484269
2211556210
1887431925
1800324117
670119344
2421920756
3086482400
1545680904
1226176440
1203542390
1258082387
1970763044
3080538257
1988994279
3637524135
613105824
3537681043
2047063341
364708433
1247410298
3325485307
1712768165
824047103
257923343
3537346347
2814714394
23864565
3086227096
116219130
3312464328
3435633041
507029802
2361915347
609349636
3674902371
2299246867
1426140807
1098752678
1282846373
2783698561
852700024
1970627492
3567677997
1932138887
1347950970
2389719577
1569989721
26193305
3311070960
2634918324
1664727872
3707862226
23887246
228079232
3341925064
607178285
792667271
1701980757
3384586344
3084680963
666358207
1996590405
1913787316
1807591786
2158974255
3593999864
3379656453
964576610
3083946256
2194083464
722441962
396261381
2148188884
3081606366
956879089
1751787453
1886421681
735641873
1924082332
1246106031
2816550943
253024249
666313981
731270121
602981115
1179088933
2921122008
1664727922
1819738614
345951351
840550289
1687767096
1819739409
1819739112
1956940097
666230051
825445390
1664727881
1819738607
1893777446
738003223
602981070
474415319
1886411516
485410303
1819739424
1907224541
2079139806
3481840529
1800300592
734475691
18921774
1113914101
1929954875
1248256378
1983480236
1670224240
2325680890
972539215
1664727930
3572393812
3574394775
257157353
2227688230
1845403023
1664727900
3093813872
2635454339
3312345611
607182562
*************end*************1445689576
1160649769
23887103
3450443824
23887084
1661973204
3481857696
3080082921
3327711880
2047431948
1894061856
1664727923
1671311029
1664727881
3081113979
1893741021
1158467915
1664727933
3465715840
1158467958
2392921933
2579597990
1664727897
3707855582
1664727891
1814753915
3692777700
2184655938
1664727907
1664727895
1664727928
1888985506
2392921932
1097173629
1671310459
1664727932
1664727931
2579603868
723153327
1664727875
3525131440
1974865936
1664727924
116011988
2079335940
1664727922
1819739962
1886351993
1333127995
2499089992
1664727920
3340105987
1664727929
116159999
3450591977
1864759996
1664727903
3481805893
1861665990
1826039737
1275359974
1664727934
1664727913
1886895845
1912715376
1783899858
1664727889
1664727918
2169771994
1864759985
1664727915
2042967987
2165525972
507217992
400751995
1425961978
1800333993
1874789995
737987949
3450563987
1783899899
1878661956
849265964
1925553995
1845253991
1864759993
3659529996
1864753997
1919923997
1557707968
722441983
3083277996
723369998
3649081962
2042967985
1807541998
1971035999
1808871988
1800333997
3684029998
3518571998
2682717998
2386063999
2988409999
1819739956
1870233998
1800333999
735605999
2534681987
1876013989
3538863995
723369996
2705655998
87231998
1502885999
1113875999
1276049999
1670601999
1894141999
2411725999
3563853999
2007569999
974123924
2068909945
100403988
20175995
252745997
2047239998
*************end*************3525130746
3086379216
3625864432
2047431948
1819746275
1158469111
2462128074
1711709330
1819741906
1160649769
2120364182
1970948564
3401845915
738002984
1158469108
3354862501
1097173629
2012259049
3639687366
1711694930
3640441860
1713175583
2158955453
3525293612
3497862848
345951542
3329430395
723153057
1864736187
1671310434
1664727905
1664727880
23887103
1670224573
2181845396
2651476590
2579597360
3350946469
345939957
1967434052
1912673009
2079335940
3080818539
731270079
3625048162
1982551426
607131273
734916226
1671310517
2046960507
3080750069
611431182
2057048641
1886424798
3589486943
2132404476
1711709318
3481408963
1105139221
1664728043
1932138887
1347950970
485142911
2389719577
1569989721
26193305
3311070960
2634918324
1664727872
1671311014
2165355271
1664727896
3707862226
1838352495
1907016790
23887246
228079232
477581382
3341925064
607178285
792667271
1701980757
3538837930
3384586344
3084680963
666358207
1996590405
1913787316
1807591786
2158974255
3593999864
2579597575
3379656453
964576610
2012500576
1968770873
1445689576
3327712556
2183634941
1695562467
1110872689
1671311015
1671311029
730554389
2498285421
2139877309
1118567203
3080082921
1226176440
1203542390
1258082387
3482902899
1691554065
1748551529
1970763044
1664727898
3080538257
1988994279
3637524135
613105824
3537681043
2047063341
364708433
1247410298
1664727875
3325485307
2151213603
1712768165
*************end*************